INCAR created by Atomic Simulation Environment
 ENCUT = 300.000000
 SIGMA = 0.050000
 EDIFF = 1.00e-04
 ALGO = D
 GGA = PE
 PREC = N
 ICHARG = 2
 ISTART = 0
 LMAXMIX = 4
 SAXIS = 0.0000 0.0000 1.0000 
 LDAU = .TRUE.
 LSORBIT = .TRUE.
 LDAUL = 1 1
 LDAUU = 3.976 -10.000
 LDAUJ = 0.000 0.000
 ISPIN = 2
 MAGMOM = 2*0.0000 1*0.0000 2*0.0000 1*0.0000 
