INCAR created by Atomic Simulation Environment
 AMIN = 0.010000
 BMIX = 3.000000
 ENCUT = 400.000000
 SIGMA = 0.050000
 EDIFF = 1.00e-05
 ALGO = Fast
 GGA = PE
 PREC = N
 ICHARG = 2
 ISTART = 0
 KPAR = 4
 LMAXMIX = 4
 NBANDS = 21
 NPAR = 7
 SAXIS = 0.0000 0.0000 1.0000 
 LDAU = .TRUE.
 LSORBIT = .TRUE.
 LDAUL = 1 1
 LDAUU = -0.083 -7.014
 LDAUJ = 0.000 0.000
 ISPIN = 2
 MAGMOM = 2*0.0000 1*0.0000 2*0.0000 1*0.0000 
