INCAR created by Atomic Simulation Environment
 AEXX = 0.250000
 ENCUT = 450.000000
 HFSCREEN = 0.200000
 SIGMA = 0.050000
 TIME = 0.400000
 ALGO = D
 GGA = PE
 PREC = N
 ICHARG = 11
 ISMEAR = 0
 KPAR = 6
 NBANDS = 54
 NCORE = 3
 LCHARG = .FALSE.
 LDIAG = .TRUE.
 LHFCALC = .TRUE.
 LWAVE = .FALSE.
 ISPIN = 2
 MAGMOM = 2*0.0000 1*0.0000 2*0.0000 1*0.0000 
