INCAR created by Atomic Simulation Environment
 ENCUT = 450.000000
 SIGMA = 0.050000
 ALGO = D
 GGA = PE
 PREC = N
 ICHARG = 2
 ISTART = 0
 KPAR = 6
 NBANDS = 54
 NCORE = 3
 ISPIN = 2
 MAGMOM = 2*0.0000 1*0.0000 2*0.0000 1*0.0000 
