INCAR created by Atomic Simulation Environment
 AEXX = 0.250000
 AMIN = 0.010000
 BMIX = 3.000000
 ENCUT = 400.000000
 HFSCREEN = 0.200000
 SIGMA = 0.050000
 TIME = 0.400000
 EDIFF = 1.00e-05
 ALGO = D
 GGA = PE
 PREC = N
 PRECFOCK = Fast
 ICHARG = 11
 KPAR = 6
 NBANDS = 21
 NCORE = 3
 SAXIS = 0.0000 0.0000 1.0000 
 LCHARG = .FALSE.
 LDIAG = .TRUE.
 LHFCALC = .TRUE.
 LWAVE = .FALSE.
 LSORBIT = .TRUE.
 ISPIN = 2
 MAGMOM = 2*0.0000 1*0.0000 2*0.0000 1*0.0000 
