       N       E                     dE             d eps       ncg     rms          rms(c)
DAV:   1    -0.751819947073E+01   -0.75182E+01   -0.47844E+02 15981   0.667E+01
RMM:   2    -0.100038050186E+02   -0.24856E+01   -0.24822E+01 12069   0.228E+01
RMM:   3    -0.100491551434E+02   -0.45350E-01   -0.55284E-01 12628   0.386E+00
RMM:   4    -0.100507445043E+02   -0.15894E-02   -0.14254E-02 13252   0.634E-01
RMM:   5    -0.100508365883E+02   -0.92084E-04   -0.80872E-04 13348   0.155E-01
RMM:   6    -0.100508397176E+02   -0.31292E-05   -0.27722E-05 11912   0.228E-02
   1 F= -.10050840E+02 E0= -.10050937E+02  d E =0.291226E-03  mag=    -0.0000     0.0000     0.0000
